#           k/h    P           
    0.10000E-03    0.57246E+03
    0.10202E-03    0.58356E+03
    0.10408E-03    0.59488E+03
    0.10618E-03    0.60641E+03
    0.10833E-03    0.61817E+03
    0.11052E-03    0.63016E+03
    0.11275E-03    0.64238E+03
    0.11503E-03    0.65483E+03
    0.11735E-03    0.66753E+03
    0.11972E-03    0.68047E+03
    0.12214E-03    0.69366E+03
    0.12461E-03    0.70711E+03
    0.12712E-03    0.72082E+03
    0.12969E-03    0.73479E+03
    0.13231E-03    0.74904E+03
    0.13499E-03    0.76356E+03
    0.13771E-03    0.77836E+03
    0.14049E-03    0.79344E+03
    0.14333E-03    0.80882E+03
    0.14623E-03    0.82449E+03
    0.14918E-03    0.84047E+03
    0.15220E-03    0.85676E+03
    0.15527E-03    0.87336E+03
    0.15841E-03    0.89028E+03
    0.16161E-03    0.90753E+03
    0.16487E-03    0.92511E+03
    0.16820E-03    0.94303E+03
    0.17160E-03    0.96130E+03
    0.17507E-03    0.97992E+03
    0.17860E-03    0.99890E+03
    0.18221E-03    0.10182E+04
    0.18589E-03    0.10380E+04
    0.18965E-03    0.10581E+04
    0.19348E-03    0.10785E+04
    0.19739E-03    0.10994E+04
    0.20138E-03    0.11207E+04
    0.20544E-03    0.11424E+04
    0.20959E-03    0.11645E+04
    0.21383E-03    0.11870E+04
    0.21815E-03    0.12100E+04
    0.22255E-03    0.12334E+04
    0.22705E-03    0.12573E+04
    0.23164E-03    0.12816E+04
    0.23632E-03    0.13064E+04
    0.24109E-03    0.13316E+04
    0.24596E-03    0.13574E+04
    0.25093E-03    0.13836E+04
    0.25600E-03    0.14104E+04
    0.26117E-03    0.14376E+04
    0.26645E-03    0.14654E+04
    0.27183E-03    0.14937E+04
    0.27732E-03    0.15226E+04
    0.28292E-03    0.15520E+04
    0.28864E-03    0.15819E+04
    0.29447E-03    0.16125E+04
    0.30042E-03    0.16436E+04
    0.30649E-03    0.16753E+04
    0.31268E-03    0.17076E+04
    0.31899E-03    0.17406E+04
    0.32544E-03    0.17741E+04
    0.33201E-03    0.18083E+04
    0.33872E-03    0.18432E+04
    0.34556E-03    0.18787E+04
    0.35254E-03    0.19149E+04
    0.35966E-03    0.19518E+04
    0.36693E-03    0.19893E+04
    0.37434E-03    0.20276E+04
    0.38190E-03    0.20667E+04
    0.38962E-03    0.21064E+04
    0.39749E-03    0.21469E+04
    0.40552E-03    0.21882E+04
    0.41371E-03    0.22302E+04
    0.42207E-03    0.22731E+04
    0.43060E-03    0.23167E+04
    0.43929E-03    0.23612E+04
    0.44817E-03    0.24065E+04
    0.45722E-03    0.24526E+04
    0.46646E-03    0.24996E+04
    0.47588E-03    0.25475E+04
    0.48550E-03    0.25963E+04
    0.49530E-03    0.26460E+04
    0.50531E-03    0.26967E+04
    0.51552E-03    0.27482E+04
    0.52593E-03    0.28008E+04
    0.53656E-03    0.28543E+04
    0.54739E-03    0.29088E+04
    0.55845E-03    0.29643E+04
    0.56973E-03    0.30208E+04
    0.58124E-03    0.30784E+04
    0.59299E-03    0.31370E+04
    0.60496E-03    0.31968E+04
    0.61719E-03    0.32576E+04
    0.62965E-03    0.33195E+04
    0.64237E-03    0.33826E+04
    0.65535E-03    0.34468E+04
    0.66859E-03    0.35122E+04
    0.68210E-03    0.35788E+04
    0.69588E-03    0.36466E+04
    0.70993E-03    0.37156E+04
    0.72427E-03    0.37858E+04
    0.73891E-03    0.38574E+04
    0.75383E-03    0.39302E+04
    0.76906E-03    0.40043E+04
    0.78460E-03    0.40798E+04
    0.80045E-03    0.41566E+04
    0.81662E-03    0.42348E+04
    0.83311E-03    0.43144E+04
    0.84994E-03    0.43954E+04
    0.86711E-03    0.44778E+04
    0.88463E-03    0.45617E+04
    0.90250E-03    0.46470E+04
    0.92073E-03    0.47339E+04
    0.93933E-03    0.48223E+04
    0.95831E-03    0.49122E+04
    0.97767E-03    0.50037E+04
    0.99742E-03    0.50968E+04
    0.10176E-02    0.51914E+04
    0.10381E-02    0.52878E+04
    0.10591E-02    0.53857E+04
    0.10805E-02    0.54854E+04
    0.11023E-02    0.55867E+04
    0.11246E-02    0.56898E+04
    0.11473E-02    0.57946E+04
    0.11705E-02    0.59012E+04
    0.11941E-02    0.60096E+04
    0.12182E-02    0.61197E+04
    0.12429E-02    0.62317E+04
    0.12680E-02    0.63456E+04
    0.12936E-02    0.64613E+04
    0.13197E-02    0.65790E+04
    0.13464E-02    0.66986E+04
    0.13736E-02    0.68201E+04
    0.14013E-02    0.69435E+04
    0.14296E-02    0.70690E+04
    0.14585E-02    0.71964E+04
    0.14880E-02    0.73259E+04
    0.15180E-02    0.74574E+04
    0.15487E-02    0.75910E+04
    0.15800E-02    0.77267E+04
    0.16119E-02    0.78645E+04
    0.16445E-02    0.80044E+04
    0.16777E-02    0.81464E+04
    0.17116E-02    0.82906E+04
    0.17462E-02    0.84370E+04
    0.17814E-02    0.85855E+04
    0.18174E-02    0.87363E+04
    0.18541E-02    0.88893E+04
    0.18916E-02    0.90445E+04
    0.19298E-02    0.92019E+04
    0.19688E-02    0.93617E+04
    0.20086E-02    0.95237E+04
    0.20491E-02    0.96879E+04
    0.20905E-02    0.98545E+04
    0.21328E-02    0.10023E+05
    0.21758E-02    0.10195E+05
    0.22198E-02    0.10368E+05
    0.22646E-02    0.10544E+05
    0.23104E-02    0.10722E+05
    0.23571E-02    0.10902E+05
    0.24047E-02    0.11085E+05
    0.24533E-02    0.11270E+05
    0.25028E-02    0.11458E+05
    0.25534E-02    0.11648E+05
    0.26050E-02    0.11840E+05
    0.26576E-02    0.12034E+05
    0.27113E-02    0.12231E+05
    0.27660E-02    0.12430E+05
    0.28219E-02    0.12631E+05
    0.28789E-02    0.12835E+05
    0.29371E-02    0.13040E+05
    0.29964E-02    0.13248E+05
    0.30569E-02    0.13459E+05
    0.31187E-02    0.13671E+05
    0.31817E-02    0.13886E+05
    0.32460E-02    0.14102E+05
    0.33115E-02    0.14321E+05
    0.33784E-02    0.14542E+05
    0.34467E-02    0.14765E+05
    0.35163E-02    0.14991E+05
    0.35874E-02    0.15218E+05
    0.36598E-02    0.15447E+05
    0.37338E-02    0.15677E+05
    0.38092E-02    0.15910E+05
    0.38861E-02    0.16145E+05
    0.39646E-02    0.16381E+05
    0.40447E-02    0.16619E+05
    0.41264E-02    0.16858E+05
    0.42098E-02    0.17099E+05
    0.42948E-02    0.17342E+05
    0.43816E-02    0.17586E+05
    0.44701E-02    0.17831E+05
    0.45604E-02    0.18078E+05
    0.46525E-02    0.18326E+05
    0.47465E-02    0.18574E+05
    0.48424E-02    0.18824E+05
    0.49402E-02    0.19075E+05
    0.50400E-02    0.19326E+05
    0.51419E-02    0.19579E+05
    0.52457E-02    0.19831E+05
    0.53517E-02    0.20085E+05
    0.54598E-02    0.20338E+05
    0.55701E-02    0.20592E+05
    0.56826E-02    0.20846E+05
    0.57974E-02    0.21100E+05
    0.59145E-02    0.21354E+05
    0.60340E-02    0.21607E+05
    0.61559E-02    0.21860E+05
    0.62803E-02    0.22112E+05
    0.64072E-02    0.22364E+05
    0.65366E-02    0.22615E+05
    0.66686E-02    0.22864E+05
    0.68033E-02    0.23112E+05
    0.69408E-02    0.23359E+05
    0.70810E-02    0.23604E+05
    0.72240E-02    0.23848E+05
    0.73700E-02    0.24089E+05
    0.75189E-02    0.24328E+05
    0.76708E-02    0.24565E+05
    0.78257E-02    0.24799E+05
    0.79838E-02    0.25030E+05
    0.81451E-02    0.25258E+05
    0.83096E-02    0.25482E+05
    0.84775E-02    0.25703E+05
    0.86488E-02    0.25921E+05
    0.88235E-02    0.26134E+05
    0.90017E-02    0.26343E+05
    0.91836E-02    0.26547E+05
    0.93691E-02    0.26746E+05
    0.95583E-02    0.26940E+05
    0.97514E-02    0.27129E+05
    0.99484E-02    0.27312E+05
    0.10149E-01    0.27489E+05
    0.10354E-01    0.27660E+05
    0.10564E-01    0.27825E+05
    0.10777E-01    0.27982E+05
    0.10995E-01    0.28132E+05
    0.11217E-01    0.28275E+05
    0.11443E-01    0.28409E+05
    0.11675E-01    0.28536E+05
    0.11910E-01    0.28654E+05
    0.12151E-01    0.28764E+05
    0.12397E-01    0.28865E+05
    0.12647E-01    0.28957E+05
    0.12902E-01    0.29039E+05
    0.13163E-01    0.29111E+05
    0.13429E-01    0.29171E+05
    0.13700E-01    0.29218E+05
    0.13977E-01    0.29253E+05
    0.14259E-01    0.29277E+05
    0.14547E-01    0.29293E+05
    0.14841E-01    0.29303E+05
    0.15141E-01    0.29307E+05
    0.15447E-01    0.29305E+05
    0.15759E-01    0.29294E+05
    0.16077E-01    0.29271E+05
    0.16402E-01    0.29231E+05
    0.16734E-01    0.29172E+05
    0.17072E-01    0.29093E+05
    0.17416E-01    0.28996E+05
    0.17768E-01    0.28883E+05
    0.18127E-01    0.28757E+05
    0.18493E-01    0.28620E+05
    0.18867E-01    0.28470E+05
    0.19248E-01    0.28307E+05
    0.19637E-01    0.28128E+05
    0.20034E-01    0.27931E+05
    0.20438E-01    0.27713E+05
    0.20851E-01    0.27477E+05
    0.21272E-01    0.27224E+05
    0.21702E-01    0.26958E+05
    0.22141E-01    0.26680E+05
    0.22588E-01    0.26392E+05
    0.23044E-01    0.26097E+05
    0.23510E-01    0.25793E+05
    0.23985E-01    0.25481E+05
    0.24469E-01    0.25160E+05
    0.24964E-01    0.24831E+05
    0.25468E-01    0.24494E+05
    0.25982E-01    0.24147E+05
    0.26507E-01    0.23791E+05
    0.27043E-01    0.23425E+05
    0.27589E-01    0.23050E+05
    0.28146E-01    0.22666E+05
    0.28715E-01    0.22274E+05
    0.29295E-01    0.21877E+05
    0.29887E-01    0.21475E+05
    0.30490E-01    0.21069E+05
    0.31106E-01    0.20661E+05
    0.31735E-01    0.20253E+05
    0.32376E-01    0.19846E+05
    0.33030E-01    0.19442E+05
    0.33697E-01    0.19041E+05
    0.34378E-01    0.18646E+05
    0.35072E-01    0.18257E+05
    0.35781E-01    0.17874E+05
    0.36504E-01    0.17499E+05
    0.37241E-01    0.17131E+05
    0.37993E-01    0.16773E+05
    0.38761E-01    0.16423E+05
    0.39544E-01    0.16084E+05
    0.40343E-01    0.15754E+05
    0.41158E-01    0.15436E+05
    0.41989E-01    0.15129E+05
    0.42838E-01    0.14835E+05
    0.43703E-01    0.14555E+05
    0.44586E-01    0.14289E+05
    0.45486E-01    0.14038E+05
    0.46405E-01    0.13801E+05
    0.47343E-01    0.13577E+05
    0.48299E-01    0.13363E+05
    0.49275E-01    0.13161E+05
    0.50270E-01    0.12967E+05
    0.51286E-01    0.12782E+05
    0.52322E-01    0.12605E+05
    0.53379E-01    0.12433E+05
    0.54457E-01    0.12266E+05
    0.55557E-01    0.12102E+05
    0.56680E-01    0.11939E+05
    0.57825E-01    0.11775E+05
    0.58993E-01    0.11609E+05
    0.60184E-01    0.11439E+05
    0.61400E-01    0.11265E+05
    0.62641E-01    0.11083E+05
    0.63906E-01    0.10892E+05
    0.65197E-01    0.10689E+05
    0.66514E-01    0.10473E+05
    0.67858E-01    0.10249E+05
    0.69229E-01    0.10019E+05
    0.70627E-01    0.97825E+04
    0.72054E-01    0.95326E+04
    0.73510E-01    0.92647E+04
    0.74994E-01    0.89801E+04
    0.76509E-01    0.86851E+04
    0.78055E-01    0.83854E+04
    0.79632E-01    0.80837E+04
    0.81241E-01    0.77819E+04
    0.82882E-01    0.74824E+04
    0.84556E-01    0.71887E+04
    0.86264E-01    0.69040E+04
    0.88007E-01    0.66314E+04
    0.89785E-01    0.63736E+04
    0.91598E-01    0.61331E+04
    0.93449E-01    0.59115E+04
    0.95337E-01    0.57104E+04
    0.97263E-01    0.55305E+04
    0.99227E-01    0.53712E+04
    0.10123E+00    0.52319E+04
    0.10328E+00    0.51107E+04
    0.10536E+00    0.50049E+04
    0.10749E+00    0.49117E+04
    0.10966E+00    0.48273E+04
    0.11188E+00    0.47480E+04
    0.11414E+00    0.46696E+04
    0.11644E+00    0.45879E+04
    0.11880E+00    0.44994E+04
    0.12120E+00    0.44009E+04
    0.12365E+00    0.42902E+04
    0.12614E+00    0.41666E+04
    0.12869E+00    0.40302E+04
    0.13129E+00    0.38828E+04
    0.13394E+00    0.37267E+04
    0.13665E+00    0.35650E+04
    0.13941E+00    0.34015E+04
    0.14223E+00    0.32404E+04
    0.14510E+00    0.30863E+04
    0.14803E+00    0.29437E+04
    0.15102E+00    0.28159E+04
    0.15407E+00    0.27050E+04
    0.15718E+00    0.26111E+04
    0.16036E+00    0.25326E+04
    0.16360E+00    0.24668E+04
    0.16690E+00    0.24104E+04
    0.17028E+00    0.23596E+04
    0.17371E+00    0.23105E+04
    0.17722E+00    0.22590E+04
    0.18080E+00    0.22010E+04
    0.18446E+00    0.21341E+04
    0.18818E+00    0.20577E+04
    0.19198E+00    0.19737E+04
    0.19586E+00    0.18852E+04
    0.19982E+00    0.17958E+04
    0.20386E+00    0.17091E+04
    0.20797E+00    0.16287E+04
    0.21218E+00    0.15572E+04
    0.21646E+00    0.14960E+04
    0.22083E+00    0.14448E+04
    0.22530E+00    0.14016E+04
    0.22985E+00    0.13634E+04
    0.23449E+00    0.13268E+04
    0.23923E+00    0.12886E+04
    0.24406E+00    0.12465E+04
    0.24899E+00    0.11996E+04
    0.25402E+00    0.11491E+04
    0.25915E+00    0.10972E+04
    0.26439E+00    0.10463E+04
    0.26973E+00    0.99877E+03
    0.27518E+00    0.95648E+03
    0.28074E+00    0.91993E+03
    0.28641E+00    0.88810E+03
    0.29219E+00    0.85904E+03
    0.29810E+00    0.83068E+03
    0.30412E+00    0.80141E+03
    0.31026E+00    0.77033E+03
    0.31653E+00    0.73777E+03
    0.32292E+00    0.70515E+03
    0.32945E+00    0.67403E+03
    0.33610E+00    0.64539E+03
    0.34289E+00    0.61963E+03
    0.34982E+00    0.59634E+03
    0.35689E+00    0.57439E+03
    0.36409E+00    0.55270E+03
    0.37145E+00    0.53069E+03
    0.37895E+00    0.50837E+03
    0.38661E+00    0.48641E+03
    0.39442E+00    0.46553E+03
    0.40239E+00    0.44613E+03
    0.41052E+00    0.42819E+03
    0.41881E+00    0.41123E+03
    0.42727E+00    0.39473E+03
    0.43590E+00    0.37841E+03
    0.44471E+00    0.36230E+03
    0.45369E+00    0.34679E+03
    0.46286E+00    0.33208E+03
    0.47221E+00    0.31825E+03
    0.48174E+00    0.30509E+03
    0.49148E+00    0.29238E+03
    0.50141E+00    0.28000E+03
    0.51153E+00    0.26799E+03
    0.52187E+00    0.25650E+03
    0.53241E+00    0.24556E+03
    0.54317E+00    0.23514E+03
    0.55414E+00    0.22512E+03
    0.56533E+00    0.21545E+03
    0.57675E+00    0.20614E+03
    0.58840E+00    0.19722E+03
    0.60029E+00    0.18870E+03
    0.61242E+00    0.18054E+03
    0.62479E+00    0.17270E+03
    0.63741E+00    0.16517E+03
    0.65029E+00    0.15796E+03
    0.66342E+00    0.15105E+03
    0.67683E+00    0.14443E+03
    0.69050E+00    0.13809E+03
    0.70445E+00    0.13201E+03
    0.71868E+00    0.12619E+03
    0.73320E+00    0.12061E+03
    0.74801E+00    0.11527E+03
    0.76312E+00    0.11016E+03
    0.77854E+00    0.10526E+03
    0.79426E+00    0.10057E+03
    0.81031E+00    0.96079E+02
    0.82668E+00    0.91780E+02
    0.84338E+00    0.87666E+02
    0.86041E+00    0.83730E+02
    0.87780E+00    0.79965E+02
    0.89553E+00    0.76362E+02
    0.91362E+00    0.72916E+02
    0.93208E+00    0.69619E+02
    0.95091E+00    0.66465E+02
    0.97011E+00    0.63448E+02
    0.98971E+00    0.60563E+02
    0.10097E+01    0.57805E+02
    0.10301E+01    0.55167E+02
    0.10509E+01    0.52646E+02
    0.10721E+01    0.50236E+02
    0.10938E+01    0.47933E+02
    0.11159E+01    0.45731E+02
    0.11384E+01    0.43628E+02
    0.11614E+01    0.41618E+02
    0.11849E+01    0.39698E+02
    0.12088E+01    0.37863E+02
    0.12333E+01    0.36111E+02
    0.12582E+01    0.34437E+02
    0.12836E+01    0.32838E+02
    0.13095E+01    0.31311E+02
    0.13360E+01    0.29853E+02
    0.13630E+01    0.28461E+02
    0.13905E+01    0.27131E+02
    0.14186E+01    0.25863E+02
    0.14472E+01    0.24651E+02
    0.14765E+01    0.23495E+02
    0.15063E+01    0.22391E+02
    0.15367E+01    0.21338E+02
    0.15678E+01    0.20333E+02
    0.15994E+01    0.19375E+02
    0.16318E+01    0.18460E+02
    0.16647E+01    0.17587E+02
    0.16984E+01    0.16754E+02
    0.17327E+01    0.15960E+02
    0.17677E+01    0.15202E+02
    0.18034E+01    0.14480E+02
    0.18398E+01    0.13791E+02
    0.18770E+01    0.13134E+02
    0.19149E+01    0.12507E+02
    0.19536E+01    0.11910E+02
    0.19930E+01    0.11340E+02
    0.20333E+01    0.10797E+02
    0.20744E+01    0.10280E+02
    0.21163E+01    0.97864E+01
    0.21590E+01    0.93162E+01
    0.22026E+01    0.88681E+01
    0.22471E+01    0.84410E+01
    0.22925E+01    0.80340E+01
    0.23388E+01    0.76463E+01
    0.23861E+01    0.72769E+01
    0.24343E+01    0.69249E+01
    0.24835E+01    0.65896E+01
    0.25336E+01    0.62701E+01
    0.25848E+01    0.59659E+01
    0.26370E+01    0.56761E+01
    0.26903E+01    0.54001E+01
    0.27447E+01    0.51372E+01
    0.28001E+01    0.48869E+01
    0.28567E+01    0.46485E+01
    0.29144E+01    0.44215E+01
    0.29733E+01    0.42054E+01
    0.30333E+01    0.39997E+01
    0.30946E+01    0.38038E+01
    0.31571E+01    0.36174E+01
    0.32209E+01    0.34399E+01
    0.32860E+01    0.32709E+01
    0.33523E+01    0.31101E+01
    0.34201E+01    0.29571E+01
    0.34892E+01    0.28115E+01
    0.35596E+01    0.26729E+01
    0.36316E+01    0.25410E+01
    0.37049E+01    0.24155E+01
    0.37798E+01    0.22961E+01
    0.38561E+01    0.21825E+01
    0.39340E+01    0.20745E+01
    0.40135E+01    0.19717E+01
    0.40946E+01    0.18739E+01
    0.41773E+01    0.17809E+01
    0.42617E+01    0.16924E+01
    0.43478E+01    0.16083E+01
    0.44356E+01    0.15282E+01
    0.45252E+01    0.14521E+01
    0.46166E+01    0.13796E+01
    0.47099E+01    0.13108E+01
    0.48050E+01    0.12453E+01
    0.49021E+01    0.11830E+01
    0.50011E+01    0.11237E+01
    0.51021E+01    0.10674E+01
    0.52052E+01    0.10139E+01
    0.53104E+01    0.96304E+00
    0.54176E+01    0.91469E+00
    0.55271E+01    0.86874E+00
    0.56387E+01    0.82508E+00
    0.57526E+01    0.78360E+00
    0.58689E+01    0.74419E+00
    0.59874E+01    0.70675E+00
    0.61084E+01    0.67119E+00
    0.62318E+01    0.63741E+00
    0.63577E+01    0.60533E+00
