#          k/h    CDM            baryon         photon         nu             mass_nu        total          no_nu          total_de       Weyl           v_CDM          v_b            v_b-v_c     
   0.977830E-05   0.203928E+08   0.203928E+08   0.271762E+08   0.271758E+08   0.000000E+00   0.203928E+08   0.203928E+08   0.204014E+08  -0.453869E+00   0.973476E+07   0.973476E+07   0.619747E+01
   0.107972E-04   0.203928E+08   0.203928E+08   0.271730E+08   0.271725E+08   0.000000E+00   0.203928E+08   0.203928E+08   0.204013E+08  -0.453868E+00   0.973475E+07   0.973475E+07   0.684305E+01
   0.119223E-04   0.203928E+08   0.203928E+08   0.271692E+08   0.271686E+08   0.000000E+00   0.203928E+08   0.203928E+08   0.204013E+08  -0.453868E+00   0.973475E+07   0.973475E+07   0.755582E+01
   0.131646E-04   0.203928E+08   0.203928E+08   0.271646E+08   0.271638E+08   0.000000E+00   0.203928E+08   0.203928E+08   0.204013E+08  -0.453868E+00   0.973474E+07   0.973474E+07   0.834277E+01
   0.145364E-04   0.203928E+08   0.203928E+08   0.271589E+08   0.271580E+08   0.000000E+00   0.203928E+08   0.203928E+08   0.204013E+08  -0.453867E+00   0.973474E+07   0.973474E+07   0.921160E+01
   0.160511E-04   0.203928E+08   0.203928E+08   0.271520E+08   0.271508E+08   0.000000E+00   0.203928E+08   0.203928E+08   0.204013E+08  -0.453867E+00   0.973473E+07   0.973473E+07   0.101708E+02
   0.177236E-04   0.203927E+08   0.203927E+08   0.271435E+08   0.271422E+08   0.000000E+00   0.203927E+08   0.203927E+08   0.204013E+08  -0.453867E+00   0.973472E+07   0.973472E+07   0.112297E+02
   0.195704E-04   0.203927E+08   0.203927E+08   0.271333E+08   0.271316E+08   0.000000E+00   0.203927E+08   0.203927E+08   0.204012E+08  -0.453866E+00   0.973471E+07   0.973471E+07   0.123986E+02
   0.216096E-04   0.203927E+08   0.203927E+08   0.271207E+08   0.271187E+08   0.000000E+00   0.203927E+08   0.203927E+08   0.204012E+08  -0.453865E+00   0.973470E+07   0.973470E+07   0.136889E+02
   0.238614E-04   0.203927E+08   0.203927E+08   0.271055E+08   0.271030E+08   0.000000E+00   0.203927E+08   0.203927E+08   0.204012E+08  -0.453864E+00   0.973468E+07   0.973468E+07   0.151131E+02
   0.263478E-04   0.203926E+08   0.203926E+08   0.270869E+08   0.270838E+08   0.000000E+00   0.203926E+08   0.203926E+08   0.204011E+08  -0.453863E+00   0.973467E+07   0.973466E+07   0.166849E+02
   0.290932E-04   0.203926E+08   0.203926E+08   0.270642E+08   0.270605E+08   0.000000E+00   0.203926E+08   0.203926E+08   0.204011E+08  -0.453862E+00   0.973464E+07   0.973464E+07   0.184195E+02
   0.321247E-04   0.203925E+08   0.203925E+08   0.270366E+08   0.270321E+08   0.000000E+00   0.203925E+08   0.203925E+08   0.204010E+08  -0.453860E+00   0.973461E+07   0.973461E+07   0.203335E+02
   0.354722E-04   0.203924E+08   0.203924E+08   0.270030E+08   0.269975E+08   0.000000E+00   0.203924E+08   0.203924E+08   0.204009E+08  -0.453858E+00   0.973458E+07   0.973458E+07   0.224450E+02
   0.391684E-04   0.203924E+08   0.203924E+08   0.269620E+08   0.269554E+08   0.000000E+00   0.203924E+08   0.203924E+08   0.204008E+08  -0.453856E+00   0.973454E+07   0.973453E+07   0.247740E+02
   0.432498E-04   0.203923E+08   0.203922E+08   0.269121E+08   0.269041E+08   0.000000E+00   0.203923E+08   0.203923E+08   0.204007E+08  -0.453853E+00   0.973449E+07   0.973448E+07   0.273424E+02
   0.477564E-04   0.203921E+08   0.203921E+08   0.268515E+08   0.268416E+08   0.000000E+00   0.203921E+08   0.203921E+08   0.204006E+08  -0.453849E+00   0.973442E+07   0.973442E+07   0.301739E+02
   0.527327E-04   0.203920E+08   0.203920E+08   0.267777E+08   0.267657E+08   0.000000E+00   0.203920E+08   0.203920E+08   0.204004E+08  -0.453844E+00   0.973435E+07   0.973434E+07   0.332943E+02
   0.582275E-04   0.203918E+08   0.203918E+08   0.266879E+08   0.266734E+08   0.000000E+00   0.203918E+08   0.203918E+08   0.204002E+08  -0.453839E+00   0.973425E+07   0.973425E+07   0.367317E+02
   0.642948E-04   0.203916E+08   0.203915E+08   0.265789E+08   0.265612E+08   0.000000E+00   0.203915E+08   0.203915E+08   0.203999E+08  -0.453832E+00   0.973414E+07   0.973413E+07   0.405164E+02
   0.709944E-04   0.203913E+08   0.203912E+08   0.264465E+08   0.264250E+08   0.000000E+00   0.203913E+08   0.203913E+08   0.203996E+08  -0.453824E+00   0.973400E+07   0.973399E+07   0.446806E+02
   0.783921E-04   0.203909E+08   0.203909E+08   0.262858E+08   0.262598E+08   0.000000E+00   0.203909E+08   0.203909E+08   0.203992E+08  -0.453814E+00   0.973383E+07   0.973382E+07   0.492590E+02
   0.865606E-04   0.203905E+08   0.203904E+08   0.260912E+08   0.260596E+08   0.000000E+00   0.203905E+08   0.203905E+08   0.203987E+08  -0.453802E+00   0.973363E+07   0.973361E+07   0.542879E+02
   0.955802E-04   0.203900E+08   0.203899E+08   0.258557E+08   0.258174E+08   0.000000E+00   0.203900E+08   0.203900E+08   0.203981E+08  -0.453788E+00   0.973338E+07   0.973336E+07   0.598052E+02
   0.105540E-03   0.203894E+08   0.203893E+08   0.255712E+08   0.255249E+08   0.000000E+00   0.203894E+08   0.203894E+08   0.203974E+08  -0.453770E+00   0.973307E+07   0.973305E+07   0.658499E+02
   0.116537E-03   0.203886E+08   0.203885E+08   0.252282E+08   0.251723E+08   0.000000E+00   0.203886E+08   0.203886E+08   0.203965E+08  -0.453748E+00   0.973270E+07   0.973268E+07   0.724608E+02
   0.128680E-03   0.203877E+08   0.203876E+08   0.248156E+08   0.247484E+08   0.000000E+00   0.203877E+08   0.203877E+08   0.203954E+08  -0.453722E+00   0.973225E+07   0.973222E+07   0.796756E+02
   0.142089E-03   0.203866E+08   0.203864E+08   0.243210E+08   0.242404E+08   0.000000E+00   0.203865E+08   0.203865E+08   0.203942E+08  -0.453690E+00   0.973170E+07   0.973167E+07   0.875290E+02
   0.156895E-03   0.203852E+08   0.203850E+08   0.237302E+08   0.236338E+08   0.000000E+00   0.203852E+08   0.203852E+08   0.203926E+08  -0.453651E+00   0.973104E+07   0.973099E+07   0.960502E+02
   0.173243E-03   0.203835E+08   0.203833E+08   0.230277E+08   0.229128E+08   0.000000E+00   0.203835E+08   0.203835E+08   0.203907E+08  -0.453604E+00   0.973023E+07   0.973017E+07   0.105260E+03
   0.191295E-03   0.203815E+08   0.203813E+08   0.221970E+08   0.220609E+08   0.000000E+00   0.203815E+08   0.203815E+08   0.203884E+08  -0.453548E+00   0.972924E+07   0.972918E+07   0.115166E+03
   0.211228E-03   0.203791E+08   0.203788E+08   0.212216E+08   0.210614E+08   0.000000E+00   0.203790E+08   0.203790E+08   0.203856E+08  -0.453479E+00   0.972805E+07   0.972797E+07   0.125757E+03
   0.233239E-03   0.203761E+08   0.203757E+08   0.200858E+08   0.198986E+08   0.000000E+00   0.203760E+08   0.203760E+08   0.203823E+08  -0.453397E+00   0.972660E+07   0.972650E+07   0.136998E+03
   0.257542E-03   0.203725E+08   0.203720E+08   0.187770E+08   0.185606E+08   0.000000E+00   0.203724E+08   0.203724E+08   0.203783E+08  -0.453298E+00   0.972484E+07   0.972473E+07   0.148820E+03
   0.284378E-03   0.203681E+08   0.203676E+08   0.172884E+08   0.170410E+08   0.000000E+00   0.203681E+08   0.203681E+08   0.203735E+08  -0.453179E+00   0.972272E+07   0.972258E+07   0.161112E+03
   0.314011E-03   0.203629E+08   0.203622E+08   0.156222E+08   0.153436E+08   0.000000E+00   0.203628E+08   0.203628E+08   0.203677E+08  -0.453037E+00   0.972016E+07   0.972000E+07   0.173710E+03
   0.346731E-03   0.203566E+08   0.203558E+08   0.137942E+08   0.134862E+08   0.000000E+00   0.203565E+08   0.203565E+08   0.203607E+08  -0.452868E+00   0.971708E+07   0.971688E+07   0.186387E+03
   0.382861E-03   0.203490E+08   0.203481E+08   0.118385E+08   0.115058E+08   0.000000E+00   0.203488E+08   0.203488E+08   0.203525E+08  -0.452667E+00   0.971337E+07   0.971314E+07   0.198847E+03
   0.422755E-03   0.203399E+08   0.203388E+08   0.981183E+07   0.946259E+07   0.000000E+00   0.203397E+08   0.203397E+08   0.203427E+08  -0.452431E+00   0.970893E+07   0.970866E+07   0.210719E+03
   0.466806E-03   0.203290E+08   0.203277E+08   0.779491E+07   0.744153E+07   0.000000E+00   0.203288E+08   0.203288E+08   0.203312E+08  -0.452153E+00   0.970362E+07   0.970331E+07   0.221564E+03
   0.515448E-03   0.203161E+08   0.203145E+08   0.589016E+07   0.554897E+07   0.000000E+00   0.203158E+08   0.203158E+08   0.203176E+08  -0.451828E+00   0.969731E+07   0.969695E+07   0.230889E+03
   0.569158E-03   0.203007E+08   0.202989E+08   0.421081E+07   0.390084E+07   0.000000E+00   0.203004E+08   0.203004E+08   0.203017E+08  -0.451451E+00   0.968982E+07   0.968942E+07   0.238178E+03
   0.628465E-03   0.202826E+08   0.202805E+08   0.286032E+07   0.260048E+07   0.000000E+00   0.202822E+08   0.202822E+08   0.202831E+08  -0.451015E+00   0.968100E+07   0.968054E+07   0.242945E+03
   0.693951E-03   0.202613E+08   0.202589E+08   0.190264E+07   0.170730E+07   0.000000E+00   0.202609E+08   0.202609E+08   0.202614E+08  -0.450512E+00   0.967063E+07   0.967012E+07   0.244791E+03
   0.766261E-03   0.202363E+08   0.202336E+08   0.133118E+07   0.120486E+07   0.000000E+00   0.202359E+08   0.202359E+08   0.202363E+08  -0.449933E+00   0.965852E+07   0.965796E+07   0.243467E+03
   0.846106E-03   0.202072E+08   0.202042E+08   0.105299E+07   0.986398E+06   0.000000E+00   0.202067E+08   0.202067E+08   0.202070E+08  -0.449268E+00   0.964444E+07   0.964383E+07   0.238919E+03
   0.934271E-03   0.201734E+08   0.201701E+08   0.910503E+06   0.880906E+06   0.000000E+00   0.201729E+08   0.201729E+08   0.201732E+08  -0.448505E+00   0.962813E+07   0.962748E+07   0.231284E+03
   0.103162E-02   0.201344E+08   0.201307E+08   0.751505E+06   0.730108E+06   0.000000E+00   0.201338E+08   0.201338E+08   0.201340E+08  -0.447627E+00   0.960932E+07   0.960864E+07   0.220851E+03
   0.113912E-02   0.200893E+08   0.200855E+08   0.520036E+06   0.484828E+06   0.000000E+00   0.200887E+08   0.200887E+08   0.200888E+08  -0.446618E+00   0.958769E+07   0.958698E+07   0.207993E+03
   0.125782E-02   0.200376E+08   0.200335E+08   0.290651E+06   0.237030E+06   0.000000E+00   0.200369E+08   0.200369E+08   0.200370E+08  -0.445460E+00   0.956288E+07   0.956215E+07   0.193136E+03
   0.138888E-02   0.199783E+08   0.199741E+08   0.174727E+06   0.113901E+06   0.000000E+00   0.199776E+08   0.199776E+08   0.199776E+08  -0.444136E+00   0.953448E+07   0.953374E+07   0.176815E+03
   0.153360E-02   0.199105E+08   0.199062E+08   0.162405E+06  -0.305016E+06   0.000000E+00   0.199098E+08   0.199098E+08   0.199098E+08  -0.442624E+00   0.950210E+07   0.950136E+07   0.159754E+03
   0.169341E-02   0.198334E+08   0.198291E+08   0.124047E+06  -0.249179E+06   0.000000E+00   0.198327E+08   0.198327E+08   0.198326E+08  -0.440906E+00   0.946521E+07   0.946448E+07   0.142827E+03
   0.186986E-02   0.197457E+08   0.197414E+08   0.328033E+05  -0.203454E+06   0.000000E+00   0.197450E+08   0.197450E+08   0.197450E+08  -0.438955E+00   0.942333E+07   0.942262E+07   0.126880E+03
   0.206470E-02   0.196465E+08   0.196422E+08   0.908181E+04  -0.166020E+06   0.000000E+00   0.196458E+08   0.196458E+08   0.196457E+08  -0.436747E+00   0.937591E+07   0.937521E+07   0.112563E+03
   0.227984E-02   0.195344E+08   0.195301E+08   0.269929E+05  -0.135382E+06   0.000000E+00   0.195337E+08   0.195337E+08   0.195337E+08  -0.434254E+00   0.932238E+07   0.932169E+07   0.100303E+03
   0.251741E-02   0.194082E+08   0.194038E+08  -0.768412E+04  -0.110316E+06   0.000000E+00   0.194075E+08   0.194075E+08   0.194075E+08  -0.431448E+00   0.926213E+07   0.926145E+07   0.901642E+02
   0.277972E-02   0.192667E+08   0.192620E+08  -0.528194E+04  -0.898152E+05   0.000000E+00   0.192659E+08   0.192659E+08   0.192659E+08  -0.428299E+00   0.919452E+07   0.919384E+07   0.817304E+02
   0.306937E-02   0.191083E+08   0.191035E+08  -0.119334E+05  -0.730566E+05   0.000000E+00   0.191075E+08   0.191075E+08   0.191075E+08  -0.424777E+00   0.911891E+07   0.911823E+07   0.743349E+02
   0.338920E-02   0.189318E+08   0.189267E+08  -0.153879E+05  -0.593642E+05   0.000000E+00   0.189309E+08   0.189309E+08   0.189309E+08  -0.420851E+00   0.903464E+07   0.903395E+07   0.673527E+02
   0.374236E-02   0.187357E+08   0.187303E+08  -0.213367E+05  -0.481836E+05   0.000000E+00   0.187348E+08   0.187348E+08   0.187348E+08  -0.416491E+00   0.894102E+07   0.894034E+07   0.605613E+02
   0.413232E-02   0.185186E+08   0.185128E+08  -0.981725E+04  -0.390601E+05   0.000000E+00   0.185176E+08   0.185176E+08   0.185176E+08  -0.411662E+00   0.883736E+07   0.883669E+07   0.542094E+02
   0.456291E-02   0.182790E+08   0.182728E+08  -0.109811E+05  -0.316210E+05   0.000000E+00   0.182779E+08   0.182779E+08   0.182779E+08  -0.406334E+00   0.872296E+07   0.872230E+07   0.486663E+02
   0.503836E-02   0.180154E+08   0.180087E+08  -0.129977E+05  -0.255603E+05   0.000000E+00   0.180143E+08   0.180143E+08   0.180143E+08  -0.400472E+00   0.859713E+07   0.859646E+07   0.439259E+02
   0.556337E-02   0.177265E+08   0.177191E+08  -0.909279E+04  -0.206273E+05   0.000000E+00   0.177252E+08   0.177252E+08   0.177252E+08  -0.394046E+00   0.845917E+07   0.845851E+07   0.396121E+02
   0.614307E-02   0.174107E+08   0.174026E+08  -0.878589E+04  -0.166163E+05   0.000000E+00   0.174094E+08   0.174094E+08   0.174094E+08  -0.387024E+00   0.830843E+07   0.830777E+07   0.355500E+02
   0.678319E-02   0.170668E+08   0.170578E+08  -0.663224E+04  -0.133588E+05   0.000000E+00   0.170653E+08   0.170653E+08   0.170653E+08  -0.379374E+00   0.814421E+07   0.814356E+07   0.319587E+02
   0.749000E-02   0.166932E+08   0.166832E+08  -0.669989E+04  -0.107165E+05   0.000000E+00   0.166916E+08   0.166916E+08   0.166915E+08  -0.371066E+00   0.796585E+07   0.796520E+07   0.288305E+02
   0.827046E-02   0.162887E+08   0.162774E+08  -0.526365E+04  -0.857625E+04   0.000000E+00   0.162868E+08   0.162868E+08   0.162868E+08  -0.362069E+00   0.777271E+07   0.777206E+07   0.259483E+02
   0.913225E-02   0.158519E+08   0.158391E+08  -0.406678E+04  -0.684523E+04   0.000000E+00   0.158498E+08   0.158498E+08   0.158498E+08  -0.352353E+00   0.756413E+07   0.756349E+07   0.234011E+02
   0.100838E-01   0.153816E+08   0.153669E+08  -0.362699E+04  -0.544753E+04   0.000000E+00   0.153791E+08   0.153791E+08   0.153791E+08  -0.341890E+00   0.733951E+07   0.733887E+07   0.211367E+02
   0.111346E-01   0.148764E+08   0.148596E+08  -0.317540E+04  -0.432104E+04   0.000000E+00   0.148736E+08   0.148736E+08   0.148736E+08  -0.330651E+00   0.709824E+07   0.709761E+07   0.191073E+02
   0.122948E-01   0.143352E+08   0.143161E+08  -0.235918E+04  -0.341496E+04   0.000000E+00   0.143320E+08   0.143320E+08   0.143320E+08  -0.318612E+00   0.683981E+07   0.683917E+07   0.173111E+02
   0.135759E-01   0.137573E+08   0.137354E+08  -0.212901E+04  -0.268783E+04   0.000000E+00   0.137537E+08   0.137537E+08   0.137537E+08  -0.305755E+00   0.656380E+07   0.656316E+07   0.157103E+02
   0.149906E-01   0.131422E+08   0.131172E+08  -0.155712E+04  -0.210581E+04   0.000000E+00   0.131381E+08   0.131381E+08   0.131381E+08  -0.292069E+00   0.627000E+07   0.626936E+07   0.142762E+02
   0.165526E-01   0.125107E+08   0.124822E+08  -0.123548E+04  -0.164403E+04   0.000000E+00   0.125059E+08   0.125059E+08   0.125059E+08  -0.278016E+00   0.596833E+07   0.596768E+07   0.130094E+02
   0.182774E-01   0.118261E+08   0.117939E+08  -0.107529E+04  -0.127451E+04   0.000000E+00   0.118207E+08   0.118207E+08   0.118207E+08  -0.262783E+00   0.564132E+07   0.564067E+07   0.118478E+02
   0.201819E-01   0.111090E+08   0.110730E+08  -0.654182E+03  -0.981857E+03   0.000000E+00   0.111030E+08   0.111030E+08   0.111030E+08  -0.246828E+00   0.529880E+07   0.529815E+07   0.107796E+02
   0.222849E-01   0.103499E+08   0.103100E+08  -0.614288E+03  -0.750193E+03   0.000000E+00   0.103433E+08   0.103433E+08   0.103433E+08  -0.229938E+00   0.493623E+07   0.493558E+07   0.977302E+01
   0.246070E-01   0.958368E+07   0.954015E+07  -0.449239E+03  -0.569675E+03   0.000000E+00   0.957643E+07   0.957643E+07   0.957643E+07  -0.212891E+00   0.457028E+07   0.456963E+07   0.881582E+01
   0.271710E-01   0.881772E+07   0.877117E+07  -0.332930E+03  -0.429839E+03   0.000000E+00   0.880996E+07   0.880996E+07   0.880996E+07  -0.195852E+00   0.420450E+07   0.420386E+07   0.788152E+01
   0.300023E-01   0.805151E+07   0.800294E+07  -0.269460E+03  -0.321870E+03   0.000000E+00   0.804341E+07   0.804341E+07   0.804341E+07  -0.178811E+00   0.383867E+07   0.383805E+07   0.694572E+01
   0.331285E-01   0.730744E+07   0.725834E+07  -0.181068E+03  -0.239567E+03   0.000000E+00   0.729926E+07   0.729926E+07   0.729926E+07  -0.162268E+00   0.348353E+07   0.348294E+07   0.599918E+01
   0.365806E-01   0.661363E+07   0.656591E+07  -0.148555E+03  -0.177816E+03   0.000000E+00   0.660568E+07   0.660568E+07   0.660568E+07  -0.146849E+00   0.315253E+07   0.315197E+07   0.504529E+01
   0.403923E-01   0.598652E+07   0.594236E+07  -0.131047E+03  -0.132007E+03   0.000000E+00   0.597916E+07   0.597916E+07   0.597916E+07  -0.132921E+00   0.285353E+07   0.285303E+07   0.409885E+01
   0.444315E-01   0.545790E+07   0.541915E+07   0.486662E+02  -0.994669E+02   0.000000E+00   0.545144E+07   0.545144E+07   0.545144E+07  -0.121190E+00   0.260167E+07   0.260124E+07   0.322671E+01
   0.484707E-01   0.504657E+07   0.501407E+07   0.378179E+02  -0.772884E+02   0.000000E+00   0.504115E+07   0.504115E+07   0.504115E+07  -0.112069E+00   0.240586E+07   0.240549E+07   0.250078E+01
   0.525100E-01   0.471623E+07   0.468992E+07   0.301208E+02  -0.615523E+02   0.000000E+00   0.471185E+07   0.471185E+07   0.471185E+07  -0.104748E+00   0.224869E+07   0.224839E+07   0.192492E+01
   0.565492E-01   0.443772E+07   0.441679E+07   0.244429E+02  -0.499454E+02   0.000000E+00   0.443423E+07   0.443423E+07   0.443423E+07  -0.985762E-01   0.211619E+07   0.211594E+07   0.149443E+01
   0.605884E-01   0.418788E+07   0.417104E+07   0.200971E+02  -0.410628E+02   0.000000E+00   0.418507E+07   0.418507E+07   0.418507E+07  -0.930372E-01   0.199728E+07   0.199706E+07   0.119498E+01
   0.646276E-01   0.395089E+07   0.393661E+07   0.166655E+02  -0.340502E+02   0.000000E+00   0.394851E+07   0.394851E+07   0.394851E+07  -0.877783E-01   0.188438E+07   0.188419E+07   0.100474E+01
   0.686669E-01   0.371701E+07   0.370382E+07   0.138887E+02  -0.283770E+02   0.000000E+00   0.371482E+07   0.371482E+07   0.371482E+07  -0.825831E-01   0.177286E+07   0.177267E+07   0.897159E+00
   0.727061E-01   0.348920E+07   0.347588E+07   0.116282E+02  -0.237593E+02   0.000000E+00   0.348698E+07   0.348698E+07   0.348698E+07  -0.775183E-01   0.166413E+07   0.166394E+07   0.845646E+00
   0.767453E-01   0.325706E+07   0.324282E+07   0.974068E+01  -0.199038E+02   0.000000E+00   0.325469E+07   0.325469E+07   0.325469E+07  -0.723541E-01   0.155327E+07   0.155308E+07   0.822326E+00
   0.807846E-01   0.303274E+07   0.301727E+07   0.818401E+01  -0.167242E+02   0.000000E+00   0.303016E+07   0.303016E+07   0.303016E+07  -0.673627E-01   0.144612E+07   0.144592E+07   0.807544E+00
   0.848238E-01   0.282327E+07   0.280670E+07   0.690913E+01  -0.141200E+02   0.000000E+00   0.282051E+07   0.282051E+07   0.282051E+07  -0.627020E-01   0.134607E+07   0.134587E+07   0.786638E+00
   0.898687E-01   0.259185E+07   0.257458E+07   0.564959E+01  -0.115467E+02   0.000000E+00   0.258897E+07   0.258897E+07   0.258897E+07  -0.575548E-01   0.123557E+07   0.123537E+07   0.740119E+00
   0.949135E-01   0.240106E+07   0.238412E+07   0.469171E+01  -0.958925E+01   0.000000E+00   0.239823E+07   0.239823E+07   0.239823E+07  -0.533145E-01   0.114454E+07   0.114435E+07   0.668616E+00
   0.999584E-01   0.225162E+07   0.223603E+07   0.396697E+01  -0.810777E+01   0.000000E+00   0.224902E+07   0.224902E+07   0.224902E+07  -0.499973E-01   0.107333E+07   0.107316E+07   0.579301E+00
   0.105003E+00   0.213672E+07   0.212318E+07   0.341202E+01  -0.697309E+01   0.000000E+00   0.213446E+07   0.213446E+07   0.213446E+07  -0.474507E-01   0.101866E+07   0.101851E+07   0.484580E+00
   0.110048E+00   0.204490E+07   0.203363E+07   0.297349E+01  -0.607636E+01   0.000000E+00   0.204302E+07   0.204302E+07   0.204302E+07  -0.454180E-01   0.975017E+06   0.974886E+06   0.397260E+00
   0.115093E+00   0.196393E+07   0.195469E+07   0.261140E+01  -0.533602E+01   0.000000E+00   0.196239E+07   0.196239E+07   0.196239E+07  -0.436254E-01   0.936533E+06   0.936420E+06   0.326925E+00
   0.120138E+00   0.188371E+07   0.187591E+07   0.229910E+01  -0.469765E+01   0.000000E+00   0.188241E+07   0.188241E+07   0.188241E+07  -0.418474E-01   0.898362E+06   0.898262E+06   0.278026E+00
   0.125183E+00   0.179834E+07   0.179125E+07   0.202165E+01  -0.413068E+01   0.000000E+00   0.179716E+07   0.179716E+07   0.179716E+07  -0.399522E-01   0.857676E+06   0.857582E+06   0.249786E+00
   0.130228E+00   0.170682E+07   0.169978E+07   0.177289E+01  -0.362252E+01   0.000000E+00   0.170565E+07   0.170565E+07   0.170565E+07  -0.379179E-01   0.814005E+06   0.813912E+06   0.237454E+00
   0.135273E+00   0.161180E+07   0.160436E+07   0.155145E+01  -0.317022E+01   0.000000E+00   0.161056E+07   0.161056E+07   0.161056E+07  -0.358040E-01   0.768627E+06   0.768532E+06   0.234223E+00
   0.140318E+00   0.151765E+07   0.150965E+07   0.135745E+01  -0.277398E+01   0.000000E+00   0.151632E+07   0.151632E+07   0.151632E+07  -0.337089E-01   0.723651E+06   0.723553E+06   0.233239E+00
   0.145362E+00   0.142949E+07   0.142103E+07   0.119120E+01  -0.243439E+01   0.000000E+00   0.142808E+07   0.142808E+07   0.142808E+07  -0.317473E-01   0.681542E+06   0.681442E+06   0.229264E+00
   0.150407E+00   0.135214E+07   0.134354E+07   0.105231E+01  -0.215063E+01   0.000000E+00   0.135070E+07   0.135070E+07   0.135070E+07  -0.300272E-01   0.644614E+06   0.644516E+06   0.219562E+00
   0.155452E+00   0.128817E+07   0.127981E+07   0.938485E+00  -0.191802E+01   0.000000E+00   0.128677E+07   0.128677E+07   0.128677E+07  -0.286059E-01   0.614104E+06   0.614009E+06   0.203915E+00
   0.160497E+00   0.123677E+07   0.122899E+07   0.845333E+00  -0.172760E+01   0.000000E+00   0.123548E+07   0.123548E+07   0.123548E+07  -0.274655E-01   0.589622E+06   0.589533E+06   0.184012E+00
   0.165542E+00   0.119484E+07   0.118785E+07   0.767743E+00  -0.156895E+01   0.000000E+00   0.119368E+07   0.119368E+07   0.119368E+07  -0.265363E-01   0.569673E+06   0.569593E+06   0.162588E+00
   0.170587E+00   0.115871E+07   0.115256E+07   0.701237E+00  -0.143297E+01   0.000000E+00   0.115769E+07   0.115769E+07   0.115769E+07  -0.257363E-01   0.552497E+06   0.552424E+06   0.142505E+00
   0.175632E+00   0.112485E+07   0.111942E+07   0.642271E+00  -0.131241E+01   0.000000E+00   0.112394E+07   0.112394E+07   0.112394E+07  -0.249860E-01   0.536391E+06   0.536324E+06   0.125963E+00
   0.180677E+00   0.109007E+07   0.108514E+07   0.588183E+00  -0.120185E+01   0.000000E+00   0.108925E+07   0.108925E+07   0.108925E+07  -0.242148E-01   0.519833E+06   0.519771E+06   0.114026E+00
   0.185722E+00   0.105247E+07   0.104780E+07   0.537472E+00  -0.109823E+01   0.000000E+00   0.105169E+07   0.105169E+07   0.105169E+07  -0.233799E-01   0.501910E+06   0.501851E+06   0.106589E+00
   0.190766E+00   0.101210E+07   0.100746E+07   0.489861E+00  -0.100096E+01   0.000000E+00   0.101133E+07   0.101133E+07   0.101133E+07  -0.224826E-01   0.482647E+06   0.482588E+06   0.102647E+00
   0.195811E+00   0.970467E+06   0.965702E+06   0.445782E+00  -0.910926E+00   0.000000E+00   0.969673E+06   0.969673E+06   0.969673E+06  -0.215566E-01   0.462768E+06   0.462709E+06   0.100708E+00
   0.200856E+00   0.929477E+06   0.924548E+06   0.405735E+00  -0.829126E+00   0.000000E+00   0.928656E+06   0.928656E+06   0.928656E+06  -0.206447E-01   0.443193E+06   0.443134E+06   0.992279E-01
   0.205901E+00   0.890917E+06   0.885871E+06   0.370047E+00  -0.756221E+00   0.000000E+00   0.890076E+06   0.890076E+06   0.890076E+06  -0.197871E-01   0.424782E+06   0.424722E+06   0.969904E-01
   0.210946E+00   0.856256E+06   0.851206E+06   0.338823E+00  -0.692428E+00   0.000000E+00   0.855414E+06   0.855414E+06   0.855414E+06  -0.190165E-01   0.408240E+06   0.408181E+06   0.933404E-01
   0.215991E+00   0.826286E+06   0.821365E+06   0.311865E+00  -0.637337E+00   0.000000E+00   0.825466E+06   0.825466E+06   0.825466E+06  -0.183507E-01   0.393948E+06   0.393890E+06   0.882176E-01
   0.221036E+00   0.800817E+06   0.796144E+06   0.288622E+00  -0.589828E+00   0.000000E+00   0.800038E+06   0.800038E+06   0.800038E+06  -0.177855E-01   0.381812E+06   0.381758E+06   0.820314E-01
   0.226081E+00   0.778855E+06   0.774500E+06   0.268335E+00  -0.548356E+00   0.000000E+00   0.778129E+06   0.778129E+06   0.778129E+06  -0.172984E-01   0.371356E+06   0.371305E+06   0.754543E-01
   0.231125E+00   0.759060E+06   0.755037E+06   0.250242E+00  -0.511366E+00   0.000000E+00   0.758389E+06   0.758389E+06   0.758389E+06  -0.168596E-01   0.361935E+06   0.361887E+06   0.691999E-01
   0.236170E+00   0.740094E+06   0.736365E+06   0.233692E+00  -0.477534E+00   0.000000E+00   0.739473E+06   0.739473E+06   0.739473E+06  -0.164390E-01   0.352907E+06   0.352862E+06   0.638316E-01
   0.241215E+00   0.720863E+06   0.717350E+06   0.218206E+00  -0.445885E+00   0.000000E+00   0.720278E+06   0.720278E+06   0.720278E+06  -0.160123E-01   0.343746E+06   0.343703E+06   0.596452E-01
   0.246260E+00   0.700772E+06   0.697387E+06   0.203524E+00  -0.415883E+00   0.000000E+00   0.700208E+06   0.700208E+06   0.700208E+06  -0.155661E-01   0.334168E+06   0.334126E+06   0.566446E-01
   0.251305E+00   0.679854E+06   0.676518E+06   0.189597E+00  -0.387428E+00   0.000000E+00   0.679298E+06   0.679298E+06   0.679298E+06  -0.151013E-01   0.324189E+06   0.324148E+06   0.545973E-01
   0.256350E+00   0.658606E+06   0.655265E+06   0.176506E+00  -0.360683E+00   0.000000E+00   0.658049E+06   0.658049E+06   0.658049E+06  -0.146289E-01   0.314048E+06   0.314007E+06   0.531334E-01
   0.261395E+00   0.637685E+06   0.634322E+06   0.164358E+00  -0.335866E+00   0.000000E+00   0.637124E+06   0.637124E+06   0.637124E+06  -0.141638E-01   0.304062E+06   0.304022E+06   0.518561E-01
   0.266440E+00   0.617729E+06   0.614357E+06   0.153236E+00  -0.313142E+00   0.000000E+00   0.617167E+06   0.617167E+06   0.617167E+06  -0.137201E-01   0.294538E+06   0.294498E+06   0.504401E-01
   0.271485E+00   0.599263E+06   0.595919E+06   0.143177E+00  -0.292591E+00   0.000000E+00   0.598706E+06   0.598706E+06   0.598706E+06  -0.133097E-01   0.285728E+06   0.285688E+06   0.486967E-01
   0.276529E+00   0.582592E+06   0.579320E+06   0.134161E+00  -0.274166E+00   0.000000E+00   0.582047E+06   0.582047E+06   0.582047E+06  -0.129393E-01   0.277777E+06   0.277739E+06   0.465904E-01
   0.281574E+00   0.567682E+06   0.564524E+06   0.126087E+00  -0.257664E+00   0.000000E+00   0.567156E+06   0.567156E+06   0.567156E+06  -0.126083E-01   0.270671E+06   0.270633E+06   0.442129E-01
   0.286619E+00   0.554190E+06   0.551170E+06   0.118798E+00  -0.242767E+00   0.000000E+00   0.553687E+06   0.553687E+06   0.553687E+06  -0.123089E-01   0.264243E+06   0.264207E+06   0.417321E-01
   0.291664E+00   0.541631E+06   0.538756E+06   0.112128E+00  -0.229134E+00   0.000000E+00   0.541152E+06   0.541152E+06   0.541152E+06  -0.120302E-01   0.258260E+06   0.258226E+06   0.393354E-01
   0.296709E+00   0.529549E+06   0.526807E+06   0.105934E+00  -0.216473E+00   0.000000E+00   0.529092E+06   0.529092E+06   0.529092E+06  -0.117621E-01   0.252505E+06   0.252472E+06   0.371800E-01
   0.301754E+00   0.517589E+06   0.514953E+06   0.100110E+00  -0.204571E+00   0.000000E+00   0.517150E+06   0.517150E+06   0.517150E+06  -0.114966E-01   0.246805E+06   0.246773E+06   0.353579E-01
   0.306799E+00   0.505518E+06   0.502959E+06   0.945872E-01  -0.193284E+00   0.000000E+00   0.505091E+06   0.505091E+06   0.505091E+06  -0.112286E-01   0.241050E+06   0.241019E+06   0.338830E-01
   0.311844E+00   0.493275E+06   0.490764E+06   0.893337E-01  -0.182550E+00   0.000000E+00   0.492857E+06   0.492857E+06   0.492857E+06  -0.109566E-01   0.235212E+06   0.235181E+06   0.327020E-01
   0.316889E+00   0.480992E+06   0.478508E+06   0.843561E-01  -0.172380E+00   0.000000E+00   0.480578E+06   0.480578E+06   0.480578E+06  -0.106836E-01   0.229352E+06   0.229322E+06   0.317203E-01
   0.321933E+00   0.468918E+06   0.466453E+06   0.796795E-01  -0.162825E+00   0.000000E+00   0.468508E+06   0.468508E+06   0.468508E+06  -0.104153E-01   0.223591E+06   0.223562E+06   0.308312E-01
   0.326978E+00   0.457296E+06   0.454852E+06   0.753237E-01  -0.153925E+00   0.000000E+00   0.456889E+06   0.456889E+06   0.456889E+06  -0.101570E-01   0.218046E+06   0.218017E+06   0.299421E-01
   0.332023E+00   0.446288E+06   0.443875E+06   0.712925E-01  -0.145688E+00   0.000000E+00   0.445886E+06   0.445886E+06   0.445886E+06  -0.991238E-02   0.212795E+06   0.212767E+06   0.289919E-01
   0.337068E+00   0.435980E+06   0.433612E+06   0.675764E-01  -0.138094E+00   0.000000E+00   0.435586E+06   0.435586E+06   0.435586E+06  -0.968340E-02   0.207880E+06   0.207852E+06   0.279606E-01
   0.342113E+00   0.426386E+06   0.424077E+06   0.641548E-01  -0.131102E+00   0.000000E+00   0.426002E+06   0.426002E+06   0.426002E+06  -0.947033E-02   0.203306E+06   0.203278E+06   0.268654E-01
   0.347158E+00   0.417429E+06   0.415188E+06   0.609957E-01  -0.124645E+00   0.000000E+00   0.417056E+06   0.417056E+06   0.417056E+06  -0.927146E-02   0.199036E+06   0.199010E+06   0.257477E-01
   0.352203E+00   0.408952E+06   0.406782E+06   0.580582E-01  -0.118642E+00   0.000000E+00   0.408590E+06   0.408590E+06   0.408590E+06  -0.908327E-02   0.194996E+06   0.194970E+06   0.246575E-01
   0.357248E+00   0.400779E+06   0.398676E+06   0.553031E-01  -0.113011E+00   0.000000E+00   0.400429E+06   0.400429E+06   0.400429E+06  -0.890183E-02   0.191101E+06   0.191076E+06   0.236395E-01
   0.362293E+00   0.392776E+06   0.390732E+06   0.527004E-01  -0.107692E+00   0.000000E+00   0.392435E+06   0.392435E+06   0.392435E+06  -0.872413E-02   0.187286E+06   0.187262E+06   0.227230E-01
   0.367337E+00   0.384858E+06   0.382864E+06   0.502297E-01  -0.102643E+00   0.000000E+00   0.384526E+06   0.384526E+06   0.384526E+06  -0.854830E-02   0.183512E+06   0.183488E+06   0.219170E-01
   0.372382E+00   0.376991E+06   0.375035E+06   0.478786E-01  -0.978389E-01   0.000000E+00   0.376665E+06   0.376665E+06   0.376665E+06  -0.837354E-02   0.179760E+06   0.179736E+06   0.212112E-01
   0.377427E+00   0.369192E+06   0.367266E+06   0.456428E-01  -0.932703E-01   0.000000E+00   0.368871E+06   0.368871E+06   0.368871E+06  -0.820028E-02   0.176041E+06   0.176017E+06   0.205813E-01
   0.382472E+00   0.361535E+06   0.359635E+06   0.435244E-01  -0.889418E-01   0.000000E+00   0.361219E+06   0.361219E+06   0.361219E+06  -0.803016E-02   0.172389E+06   0.172366E+06   0.199981E-01
   0.387517E+00   0.354100E+06   0.352225E+06   0.415261E-01  -0.848587E-01   0.000000E+00   0.353787E+06   0.353787E+06   0.353787E+06  -0.786495E-02   0.168842E+06   0.168819E+06   0.194340E-01
   0.392562E+00   0.346942E+06   0.345095E+06   0.396474E-01  -0.810198E-01   0.000000E+00   0.346634E+06   0.346634E+06   0.346634E+06  -0.770594E-02   0.165428E+06   0.165406E+06   0.188690E-01
   0.397607E+00   0.340095E+06   0.338278E+06   0.378848E-01  -0.774180E-01   0.000000E+00   0.339792E+06   0.339792E+06   0.339792E+06  -0.755383E-02   0.162163E+06   0.162141E+06   0.182933E-01
   0.402652E+00   0.333571E+06   0.331790E+06   0.362329E-01  -0.740421E-01   0.000000E+00   0.333274E+06   0.333274E+06   0.333274E+06  -0.740894E-02   0.159052E+06   0.159031E+06   0.177084E-01
   0.407696E+00   0.327354E+06   0.325612E+06   0.346832E-01  -0.708752E-01   0.000000E+00   0.327064E+06   0.327064E+06   0.327064E+06  -0.727087E-02   0.156089E+06   0.156068E+06   0.171234E-01
   0.412741E+00   0.321392E+06   0.319690E+06   0.332244E-01  -0.678940E-01   0.000000E+00   0.321109E+06   0.321109E+06   0.321109E+06  -0.713848E-02   0.153246E+06   0.153226E+06   0.165513E-01
   0.417786E+00   0.315623E+06   0.313959E+06   0.318450E-01  -0.650750E-01   0.000000E+00   0.315346E+06   0.315346E+06   0.315346E+06  -0.701038E-02   0.150496E+06   0.150476E+06   0.160043E-01
   0.422831E+00   0.310001E+06   0.308373E+06   0.305359E-01  -0.623999E-01   0.000000E+00   0.309729E+06   0.309729E+06   0.309729E+06  -0.688552E-02   0.147816E+06   0.147796E+06   0.154921E-01
   0.427876E+00   0.304494E+06   0.302898E+06   0.292904E-01  -0.598547E-01   0.000000E+00   0.304228E+06   0.304228E+06   0.304228E+06  -0.676321E-02   0.145190E+06   0.145171E+06   0.150188E-01
   0.432921E+00   0.299078E+06   0.297512E+06   0.281029E-01  -0.574280E-01   0.000000E+00   0.298817E+06   0.298817E+06   0.298817E+06  -0.664293E-02   0.142608E+06   0.142589E+06   0.145829E-01
   0.437966E+00   0.293747E+06   0.292207E+06   0.269697E-01  -0.551124E-01   0.000000E+00   0.293491E+06   0.293491E+06   0.293491E+06  -0.652451E-02   0.140066E+06   0.140047E+06   0.141786E-01
   0.443011E+00   0.288517E+06   0.286999E+06   0.258895E-01  -0.529050E-01   0.000000E+00   0.288264E+06   0.288264E+06   0.288264E+06  -0.640832E-02   0.137572E+06   0.137553E+06   0.137977E-01
   0.448056E+00   0.283416E+06   0.281921E+06   0.248622E-01  -0.508059E-01   0.000000E+00   0.283167E+06   0.283167E+06   0.283167E+06  -0.629501E-02   0.135139E+06   0.135121E+06   0.134322E-01
   0.453100E+00   0.278465E+06   0.276992E+06   0.238869E-01  -0.488129E-01   0.000000E+00   0.278220E+06   0.278220E+06   0.278220E+06  -0.618503E-02   0.132778E+06   0.132760E+06   0.130755E-01
   0.458145E+00   0.273672E+06   0.272221E+06   0.229615E-01  -0.469218E-01   0.000000E+00   0.273430E+06   0.273430E+06   0.273430E+06  -0.607855E-02   0.130492E+06   0.130475E+06   0.127233E-01
   0.463190E+00   0.269038E+06   0.267611E+06   0.220836E-01  -0.451280E-01   0.000000E+00   0.268800E+06   0.268800E+06   0.268800E+06  -0.597562E-02   0.128282E+06   0.128265E+06   0.123744E-01
   0.468235E+00   0.264563E+06   0.263162E+06   0.212509E-01  -0.434263E-01   0.000000E+00   0.264329E+06   0.264329E+06   0.264329E+06  -0.587624E-02   0.126149E+06   0.126132E+06   0.120306E-01
   0.473280E+00   0.260236E+06   0.258860E+06   0.204602E-01  -0.418104E-01   0.000000E+00   0.260007E+06   0.260007E+06   0.260007E+06  -0.578015E-02   0.124086E+06   0.124070E+06   0.116947E-01
   0.478325E+00   0.256035E+06   0.254684E+06   0.197076E-01  -0.402724E-01   0.000000E+00   0.255810E+06   0.255810E+06   0.255810E+06  -0.568685E-02   0.122083E+06   0.122067E+06   0.113701E-01
   0.483370E+00   0.251938E+06   0.250611E+06   0.189896E-01  -0.388051E-01   0.000000E+00   0.251717E+06   0.251717E+06   0.251717E+06  -0.559585E-02   0.120130E+06   0.120114E+06   0.110595E-01
   0.488415E+00   0.247932E+06   0.246628E+06   0.183036E-01  -0.374033E-01   0.000000E+00   0.247715E+06   0.247715E+06   0.247715E+06  -0.550689E-02   0.118220E+06   0.118204E+06   0.107644E-01
   0.493460E+00   0.244010E+06   0.242727E+06   0.176476E-01  -0.360628E-01   0.000000E+00   0.243797E+06   0.243797E+06   0.243797E+06  -0.541978E-02   0.116350E+06   0.116334E+06   0.104851E-01
   0.498504E+00   0.240166E+06   0.238902E+06   0.170198E-01  -0.347798E-01   0.000000E+00   0.239955E+06   0.239955E+06   0.239955E+06  -0.533439E-02   0.114517E+06   0.114501E+06   0.102200E-01
   0.503549E+00   0.236397E+06   0.235152E+06   0.164187E-01  -0.335515E-01   0.000000E+00   0.236189E+06   0.236189E+06   0.236189E+06  -0.525067E-02   0.112719E+06   0.112704E+06   0.996717E-02
   0.508594E+00   0.232710E+06   0.231483E+06   0.158435E-01  -0.323762E-01   0.000000E+00   0.232506E+06   0.232506E+06   0.232506E+06  -0.516877E-02   0.110961E+06   0.110947E+06   0.972401E-02
   0.513639E+00   0.229114E+06   0.227905E+06   0.152938E-01  -0.312528E-01   0.000000E+00   0.228913E+06   0.228913E+06   0.228913E+06  -0.508890E-02   0.109247E+06   0.109232E+06   0.948843E-02
   0.518684E+00   0.225611E+06   0.224419E+06   0.147684E-01  -0.301792E-01   0.000000E+00   0.225412E+06   0.225412E+06   0.225412E+06  -0.501109E-02   0.107576E+06   0.107562E+06   0.925876E-02
   0.523729E+00   0.222199E+06   0.221025E+06   0.142662E-01  -0.291530E-01   0.000000E+00   0.222004E+06   0.222004E+06   0.222004E+06  -0.493531E-02   0.105949E+06   0.105935E+06   0.903410E-02
   0.528774E+00   0.218879E+06   0.217722E+06   0.137861E-01  -0.281719E-01   0.000000E+00   0.218686E+06   0.218686E+06   0.218686E+06  -0.486155E-02   0.104366E+06   0.104352E+06   0.881441E-02
   0.533819E+00   0.215647E+06   0.214509E+06   0.133271E-01  -0.272339E-01   0.000000E+00   0.215458E+06   0.215458E+06   0.215458E+06  -0.478979E-02   0.102825E+06   0.102812E+06   0.860024E-02
   0.538864E+00   0.212499E+06   0.211377E+06   0.128878E-01  -0.263361E-01   0.000000E+00   0.212312E+06   0.212312E+06   0.212312E+06  -0.471985E-02   0.101324E+06   0.101310E+06   0.839232E-02
   0.543908E+00   0.209422E+06   0.208318E+06   0.124667E-01  -0.254756E-01   0.000000E+00   0.209238E+06   0.209238E+06   0.209238E+06  -0.465152E-02   0.998571E+05   0.998438E+05   0.819129E-02
   0.548953E+00   0.206412E+06   0.205325E+06   0.120627E-01  -0.246501E-01   0.000000E+00   0.206231E+06   0.206231E+06   0.206231E+06  -0.458467E-02   0.984221E+05   0.984089E+05   0.799763E-02
   0.553998E+00   0.203468E+06   0.202396E+06   0.116750E-01  -0.238579E-01   0.000000E+00   0.203289E+06   0.203289E+06   0.203289E+06  -0.451927E-02   0.970180E+05   0.970050E+05   0.781152E-02
   0.559043E+00   0.200584E+06   0.199527E+06   0.113028E-01  -0.230972E-01   0.000000E+00   0.200408E+06   0.200408E+06   0.200408E+06  -0.445521E-02   0.956429E+05   0.956301E+05   0.763265E-02
   0.564088E+00   0.197756E+06   0.196714E+06   0.109450E-01  -0.223661E-01   0.000000E+00   0.197583E+06   0.197583E+06   0.197583E+06  -0.439241E-02   0.942947E+05   0.942821E+05   0.746038E-02
   0.569133E+00   0.194986E+06   0.193958E+06   0.106012E-01  -0.216635E-01   0.000000E+00   0.194814E+06   0.194814E+06   0.194814E+06  -0.433087E-02   0.929736E+05   0.929612E+05   0.729398E-02
   0.574178E+00   0.192276E+06   0.191262E+06   0.102709E-01  -0.209887E-01   0.000000E+00   0.192107E+06   0.192107E+06   0.192107E+06  -0.427067E-02   0.916813E+05   0.916690E+05   0.713275E-02
   0.579223E+00   0.189627E+06   0.188626E+06   0.995375E-02  -0.203405E-01   0.000000E+00   0.189460E+06   0.189460E+06   0.189460E+06  -0.421183E-02   0.904181E+05   0.904060E+05   0.697609E-02
   0.584267E+00   0.187036E+06   0.186049E+06   0.964895E-02  -0.197176E-01   0.000000E+00   0.186871E+06   0.186871E+06   0.186871E+06  -0.415429E-02   0.891828E+05   0.891709E+05   0.682349E-02
   0.589312E+00   0.184502E+06   0.183529E+06   0.935596E-02  -0.191189E-01   0.000000E+00   0.184340E+06   0.184340E+06   0.184340E+06  -0.409801E-02   0.879746E+05   0.879628E+05   0.667473E-02
   0.594357E+00   0.182026E+06   0.181066E+06   0.907437E-02  -0.185435E-01   0.000000E+00   0.181866E+06   0.181866E+06   0.181866E+06  -0.404301E-02   0.867940E+05   0.867823E+05   0.652983E-02
   0.599402E+00   0.179606E+06   0.178659E+06   0.880366E-02  -0.179903E-01   0.000000E+00   0.179448E+06   0.179448E+06   0.179448E+06  -0.398927E-02   0.856402E+05   0.856287E+05   0.638888E-02
   0.604447E+00   0.177238E+06   0.176303E+06   0.854315E-02  -0.174579E-01   0.000000E+00   0.177082E+06   0.177082E+06   0.177082E+06  -0.393666E-02   0.845109E+05   0.844995E+05   0.625196E-02
   0.609492E+00   0.174917E+06   0.173994E+06   0.829228E-02  -0.169453E-01   0.000000E+00   0.174763E+06   0.174763E+06   0.174763E+06  -0.388511E-02   0.834041E+05   0.833930E+05   0.611913E-02
   0.614537E+00   0.172642E+06   0.171732E+06   0.805064E-02  -0.164515E-01   0.000000E+00   0.172491E+06   0.172491E+06   0.172491E+06  -0.383460E-02   0.823198E+05   0.823088E+05   0.599046E-02
   0.619582E+00   0.170415E+06   0.169516E+06   0.781787E-02  -0.159758E-01   0.000000E+00   0.170265E+06   0.170265E+06   0.170265E+06  -0.378512E-02   0.812575E+05   0.812466E+05   0.586586E-02
   0.624627E+00   0.168230E+06   0.167343E+06   0.759349E-02  -0.155173E-01   0.000000E+00   0.168082E+06   0.168082E+06   0.168082E+06  -0.373659E-02   0.802158E+05   0.802051E+05   0.574513E-02
   0.629672E+00   0.166086E+06   0.165211E+06   0.737707E-02  -0.150751E-01   0.000000E+00   0.165940E+06   0.165940E+06   0.165940E+06  -0.368898E-02   0.791936E+05   0.791830E+05   0.562800E-02
   0.634716E+00   0.163984E+06   0.163120E+06   0.716837E-02  -0.146486E-01   0.000000E+00   0.163840E+06   0.163840E+06   0.163840E+06  -0.364228E-02   0.781912E+05   0.781807E+05   0.551424E-02
   0.639761E+00   0.161925E+06   0.161071E+06   0.696716E-02  -0.142374E-01   0.000000E+00   0.161782E+06   0.161782E+06   0.161782E+06  -0.359654E-02   0.772093E+05   0.771989E+05   0.540362E-02
   0.644806E+00   0.159907E+06   0.159063E+06   0.677308E-02  -0.138408E-01   0.000000E+00   0.159766E+06   0.159766E+06   0.159766E+06  -0.355172E-02   0.762470E+05   0.762368E+05   0.529592E-02
   0.649851E+00   0.157927E+06   0.157095E+06   0.658579E-02  -0.134581E-01   0.000000E+00   0.157789E+06   0.157789E+06   0.157789E+06  -0.350776E-02   0.753033E+05   0.752932E+05   0.519096E-02
   0.654896E+00   0.155987E+06   0.155164E+06   0.640504E-02  -0.130887E-01   0.000000E+00   0.155850E+06   0.155850E+06   0.155850E+06  -0.346466E-02   0.743781E+05   0.743681E+05   0.508865E-02
   0.659941E+00   0.154086E+06   0.153274E+06   0.623062E-02  -0.127323E-01   0.000000E+00   0.153951E+06   0.153951E+06   0.153951E+06  -0.342244E-02   0.734716E+05   0.734618E+05   0.498900E-02
   0.664986E+00   0.152222E+06   0.151420E+06   0.606223E-02  -0.123882E-01   0.000000E+00   0.152089E+06   0.152089E+06   0.152089E+06  -0.338105E-02   0.725831E+05   0.725733E+05   0.489195E-02
   0.670031E+00   0.150393E+06   0.149601E+06   0.589954E-02  -0.120557E-01   0.000000E+00   0.150261E+06   0.150261E+06   0.150261E+06  -0.334042E-02   0.717110E+05   0.717013E+05   0.479747E-02
   0.675075E+00   0.148598E+06   0.147815E+06   0.574232E-02  -0.117344E-01   0.000000E+00   0.148468E+06   0.148468E+06   0.148468E+06  -0.330055E-02   0.708549E+05   0.708454E+05   0.470551E-02
   0.680120E+00   0.146837E+06   0.146063E+06   0.559039E-02  -0.114240E-01   0.000000E+00   0.146708E+06   0.146708E+06   0.146708E+06  -0.326143E-02   0.700152E+05   0.700058E+05   0.461608E-02
   0.685165E+00   0.145109E+06   0.144344E+06   0.544354E-02  -0.111239E-01   0.000000E+00   0.144981E+06   0.144981E+06   0.144981E+06  -0.322304E-02   0.691911E+05   0.691818E+05   0.452907E-02
   0.690210E+00   0.143411E+06   0.142655E+06   0.530150E-02  -0.108336E-01   0.000000E+00   0.143285E+06   0.143285E+06   0.143285E+06  -0.318534E-02   0.683816E+05   0.683724E+05   0.444438E-02
   0.695255E+00   0.141743E+06   0.140996E+06   0.516408E-02  -0.105528E-01   0.000000E+00   0.141619E+06   0.141619E+06   0.141619E+06  -0.314829E-02   0.675864E+05   0.675773E+05   0.436189E-02
   0.700300E+00   0.140106E+06   0.139368E+06   0.503116E-02  -0.102812E-01   0.000000E+00   0.139983E+06   0.139983E+06   0.139983E+06  -0.311194E-02   0.668059E+05   0.667969E+05   0.428152E-02
   0.705345E+00   0.138500E+06   0.137770E+06   0.490259E-02  -0.100185E-01   0.000000E+00   0.138378E+06   0.138378E+06   0.138378E+06  -0.307626E-02   0.660400E+05   0.660311E+05   0.420319E-02
   0.710390E+00   0.136922E+06   0.136200E+06   0.477813E-02  -0.976415E-02   0.000000E+00   0.136802E+06   0.136802E+06   0.136802E+06  -0.304121E-02   0.652875E+05   0.652788E+05   0.412677E-02
   0.715435E+00   0.135372E+06   0.134658E+06   0.465764E-02  -0.951791E-02   0.000000E+00   0.135253E+06   0.135253E+06   0.135253E+06  -0.300677E-02   0.645482E+05   0.645396E+05   0.405219E-02
   0.720479E+00   0.133849E+06   0.133144E+06   0.454099E-02  -0.927955E-02   0.000000E+00   0.133732E+06   0.133732E+06   0.133732E+06  -0.297296E-02   0.638224E+05   0.638138E+05   0.397943E-02
   0.725524E+00   0.132355E+06   0.131657E+06   0.442807E-02  -0.904878E-02   0.000000E+00   0.132239E+06   0.132239E+06   0.132239E+06  -0.293976E-02   0.631098E+05   0.631013E+05   0.390844E-02
   0.730569E+00   0.130886E+06   0.130197E+06   0.431867E-02  -0.882523E-02   0.000000E+00   0.130772E+06   0.130772E+06   0.130772E+06  -0.290715E-02   0.624096E+05   0.624012E+05   0.383917E-02
   0.735614E+00   0.129443E+06   0.128760E+06   0.421265E-02  -0.860857E-02   0.000000E+00   0.129329E+06   0.129329E+06   0.129329E+06  -0.287508E-02   0.617211E+05   0.617128E+05   0.377156E-02
   0.740659E+00   0.128024E+06   0.127349E+06   0.410990E-02  -0.839862E-02   0.000000E+00   0.127911E+06   0.127911E+06   0.127911E+06  -0.284356E-02   0.610446E+05   0.610364E+05   0.370561E-02
   0.745704E+00   0.126630E+06   0.125963E+06   0.401034E-02  -0.819517E-02   0.000000E+00   0.126519E+06   0.126519E+06   0.126519E+06  -0.281261E-02   0.603801E+05   0.603719E+05   0.364128E-02
   0.750749E+00   0.125259E+06   0.124599E+06   0.391380E-02  -0.799789E-02   0.000000E+00   0.125149E+06   0.125149E+06   0.125149E+06  -0.278217E-02   0.597265E+05   0.597185E+05   0.357849E-02
   0.755794E+00   0.123911E+06   0.123258E+06   0.382017E-02  -0.780654E-02   0.000000E+00   0.123803E+06   0.123803E+06   0.123803E+06  -0.275222E-02   0.590837E+05   0.590758E+05   0.351720E-02
   0.760839E+00   0.122586E+06   0.121940E+06   0.372935E-02  -0.762096E-02   0.000000E+00   0.122478E+06   0.122478E+06   0.122478E+06  -0.272278E-02   0.584517E+05   0.584438E+05   0.345736E-02
   0.765883E+00   0.121283E+06   0.120644E+06   0.364128E-02  -0.744098E-02   0.000000E+00   0.121177E+06   0.121177E+06   0.121177E+06  -0.269385E-02   0.578307E+05   0.578229E+05   0.339894E-02
   0.770928E+00   0.120003E+06   0.119370E+06   0.355583E-02  -0.726637E-02   0.000000E+00   0.119897E+06   0.119897E+06   0.119897E+06  -0.266541E-02   0.572200E+05   0.572123E+05   0.334186E-02
   0.775973E+00   0.118743E+06   0.118117E+06   0.347288E-02  -0.709687E-02   0.000000E+00   0.118638E+06   0.118638E+06   0.118638E+06  -0.263742E-02   0.566191E+05   0.566115E+05   0.328608E-02
   0.781018E+00   0.117503E+06   0.116883E+06   0.339237E-02  -0.693234E-02   0.000000E+00   0.117400E+06   0.117400E+06   0.117400E+06  -0.260988E-02   0.560280E+05   0.560204E+05   0.323156E-02
   0.786063E+00   0.116284E+06   0.115671E+06   0.331423E-02  -0.677267E-02   0.000000E+00   0.116182E+06   0.116182E+06   0.116182E+06  -0.258281E-02   0.554469E+05   0.554394E+05   0.317828E-02
   0.791108E+00   0.115086E+06   0.114479E+06   0.323837E-02  -0.661765E-02   0.000000E+00   0.114985E+06   0.114985E+06   0.114985E+06  -0.255619E-02   0.548754E+05   0.548680E+05   0.312621E-02
   0.796153E+00   0.113906E+06   0.113305E+06   0.316468E-02  -0.646706E-02   0.000000E+00   0.113806E+06   0.113806E+06   0.113806E+06  -0.252999E-02   0.543129E+05   0.543055E+05   0.307530E-02
   0.801198E+00   0.112745E+06   0.112150E+06   0.309310E-02  -0.632077E-02   0.000000E+00   0.112645E+06   0.112645E+06   0.112645E+06  -0.250419E-02   0.537591E+05   0.537519E+05   0.302552E-02
   0.806243E+00   0.111602E+06   0.111014E+06   0.302356E-02  -0.617868E-02   0.000000E+00   0.111504E+06   0.111504E+06   0.111504E+06  -0.247882E-02   0.532145E+05   0.532073E+05   0.297687E-02
   0.811287E+00   0.110479E+06   0.109896E+06   0.295601E-02  -0.604064E-02   0.000000E+00   0.110382E+06   0.110382E+06   0.110382E+06  -0.245387E-02   0.526787E+05   0.526716E+05   0.292930E-02
   0.816332E+00   0.109372E+06   0.108796E+06   0.289034E-02  -0.590645E-02   0.000000E+00   0.109276E+06   0.109276E+06   0.109276E+06  -0.242929E-02   0.521510E+05   0.521440E+05   0.288277E-02
   0.821377E+00   0.108282E+06   0.107712E+06   0.282650E-02  -0.577599E-02   0.000000E+00   0.108187E+06   0.108187E+06   0.108187E+06  -0.240508E-02   0.516314E+05   0.516244E+05   0.283726E-02
   0.888038E+00   0.953554E+05   0.948529E+05   0.212941E-02  -0.435147E-02   0.000000E+00   0.952717E+05   0.952717E+05   0.952717E+05  -0.211796E-02   0.454676E+05   0.454615E+05   0.231922E-02
   0.960109E+00   0.839182E+05   0.834759E+05   0.160321E-02  -0.327619E-02   0.000000E+00   0.838445E+05   0.838445E+05   0.838445E+05  -0.186393E-02   0.400141E+05   0.400086E+05   0.189571E-02
   0.103803E+01   0.738044E+05   0.734154E+05   0.120625E-02  -0.246500E-02   0.000000E+00   0.737395E+05   0.737395E+05   0.737395E+05  -0.163928E-02   0.351916E+05   0.351868E+05   0.154963E-02
   0.112227E+01   0.648701E+05   0.645282E+05   0.907026E-03  -0.185354E-02   0.000000E+00   0.648131E+05   0.648131E+05   0.648131E+05  -0.144084E-02   0.309315E+05   0.309273E+05   0.126701E-02
   0.121335E+01   0.569846E+05   0.566842E+05   0.681637E-03  -0.139295E-02   0.000000E+00   0.569345E+05   0.569345E+05   0.569345E+05  -0.126570E-02   0.271715E+05   0.271678E+05   0.103631E-02
   0.131183E+01   0.500284E+05   0.497646E+05   0.511956E-03  -0.104621E-02   0.000000E+00   0.499844E+05   0.499844E+05   0.499844E+05  -0.111119E-02   0.238547E+05   0.238513E+05   0.848056E-03
   0.141829E+01   0.438976E+05   0.436661E+05   0.384305E-03  -0.785351E-03   0.000000E+00   0.438590E+05   0.438590E+05   0.438590E+05  -0.975019E-03   0.209314E+05   0.209284E+05   0.694493E-03
   0.153340E+01   0.384974E+05   0.382943E+05   0.288327E-03  -0.589218E-03   0.000000E+00   0.384635E+05   0.384635E+05   0.384635E+05  -0.855073E-03   0.183564E+05   0.183538E+05   0.569249E-03
   0.165785E+01   0.337446E+05   0.335665E+05   0.216211E-03  -0.441846E-03   0.000000E+00   0.337149E+05   0.337149E+05   0.337149E+05  -0.749507E-03   0.160902E+05   0.160878E+05   0.467126E-03
   0.179239E+01   0.295636E+05   0.294076E+05   0.162051E-03  -0.331167E-03   0.000000E+00   0.295376E+05   0.295376E+05   0.295376E+05  -0.656643E-03   0.140966E+05   0.140945E+05   0.383850E-03
   0.193786E+01   0.258885E+05   0.257518E+05   0.121400E-03  -0.248095E-03   0.000000E+00   0.258657E+05   0.258657E+05   0.258657E+05  -0.575014E-03   0.123442E+05   0.123424E+05   0.315943E-03
   0.209513E+01   0.226598E+05   0.225401E+05   0.909042E-04  -0.185776E-03   0.000000E+00   0.226399E+05   0.226399E+05   0.226399E+05  -0.503301E-03   0.108047E+05   0.108031E+05   0.260558E-03
   0.226517E+01   0.198248E+05   0.197200E+05   0.680382E-04  -0.139048E-03   0.000000E+00   0.198073E+05   0.198073E+05   0.198073E+05  -0.440332E-03   0.945290E+04   0.945144E+04   0.215367E-03
   0.244900E+01   0.173371E+05   0.172454E+05   0.509021E-04  -0.104029E-03   0.000000E+00   0.173218E+05   0.173218E+05   0.173218E+05  -0.385076E-03   0.826670E+04   0.826538E+04   0.178480E-03
   0.264776E+01   0.151552E+05   0.150749E+05   0.380658E-04  -0.777968E-04   0.000000E+00   0.151418E+05   0.151418E+05   0.151418E+05  -0.336613E-03   0.722631E+04   0.722513E+04   0.148350E-03
   0.286264E+01   0.132425E+05   0.131723E+05   0.284549E-04  -0.581558E-04   0.000000E+00   0.132308E+05   0.132308E+05   0.132308E+05  -0.294130E-03   0.631430E+04   0.631324E+04   0.123718E-03
   0.309497E+01   0.115667E+05   0.115053E+05   0.212622E-04  -0.434565E-04   0.000000E+00   0.115564E+05   0.115564E+05   0.115564E+05  -0.256908E-03   0.551523E+04   0.551427E+04   0.103559E-03
   0.334615E+01   0.100991E+05   0.100454E+05   0.158815E-04  -0.324602E-04   0.000000E+00   0.100901E+05   0.100901E+05   0.100901E+05  -0.224311E-03   0.481545E+04   0.481458E+04   0.870397E-04
   0.361771E+01   0.881449E+04   0.876758E+04   0.118581E-04  -0.242376E-04   0.000000E+00   0.880667E+04   0.880667E+04   0.880667E+04  -0.195779E-03   0.420293E+04   0.420213E+04   0.734819E-04
   0.391132E+01   0.769054E+04   0.764954E+04   0.885074E-05  -0.180914E-04   0.000000E+00   0.768371E+04   0.768371E+04   0.768371E+04  -0.170815E-03   0.366700E+04   0.366627E+04   0.623338E-04
   0.458847E+01   0.581134E+04   0.578020E+04   0.485921E-05  -0.993356E-05   0.000000E+00   0.580615E+04   0.580615E+04   0.580615E+04  -0.129075E-03   0.277095E+04   0.277033E+04   0.452410E-04
   0.640373E+01   0.322398E+04   0.320640E+04   0.138358E-05  -0.282944E-05   0.000000E+00   0.322105E+04   0.322105E+04   0.322105E+04  -0.716062E-04   0.153724E+04   0.153676E+04   0.249988E-04
